0.05,0.05,0.2,0,0,0,
0.50,0.95,0.2,0,0,0,
0,0,0.01,-1,-1,-0.5,
1,1,0.3,1,1,0.5,
0.5,
15,
0.16, 0.48, 0.01, -3.1, -3.1, -3.1, 0.36, 0.63, 0.15, 3.1, 3.1, 3.1,
0.01, 0.40, 0.01, -3.1, -3.1, -3.1, 0.08, 0.75, 0.16, 3.1, 3.1, 3.1,
0.89, 0.50, 0.01, -3.1, -3.1, -3.1, 0.99, 0.70, 0.16, 3.1, 3.1, 3.1,
0.44, 0.54, 0.01, -3.1, -3.1, -3.1, 0.46, 0.56, 0.50, 3.1, 3.1, 3.1,
0.07, 0.00, 0.01, -3.1, -3.1, -3.1, 1.00, 0.01, 0.50, 3.1, 3.1, 3.1,
0.00, 0.00, 0.01, -3.1, -3.1, -3.1, 0.01, 1.00, 0.50, 3.1, 3.1, 3.1,
0.99, 0.00, 0.01, -3.1, -3.1, -3.1, 1.00, 1.00, 0.50, 3.1, 3.1, 3.1,
0.00, 0.99, 0.01, -3.1, -3.1, -3.1, 1.00, 1.00, 0.50, 3.1, 3.1, 3.1,
0.15, 0.25, 0.01, -3.1, -3.1, -3.1, 0.16, 0.85, 0.50, 3.1, 3.1, 3.1,
0.75, 0.25, 0.01, -3.1, -3.1, -3.1, 0.76, 0.78, 0.50, 3.1, 3.1, 3.1,
0.22, 0.25, 0.01, -3.1, -3.1, -3.1, 0.75, 0.26, 0.50, 3.1, 3.1, 3.1,
0.15, 0.85, 0.01, -3.1, -3.1, -3.1, 0.45, 0.86, 0.50, 3.1, 3.1, 3.1,
0.45, 0.85, 0.01, -3.1, -3.1, -3.1, 0.52, 0.86, 0.15, 3.1, 3.1, 3.1,
0.52, 0.85, 0.01, -3.1, -3.1, -3.1, 0.75, 0.86, 0.50, 3.1, 3.1, 3.1,
0.00, 0.00, 0.00, -3.1, -3.1, -3.1, 1.00, 1.00, 0.01, 3.1, 3.1, 3.1

everything here will not be read in
bounds for z are only 0.01 to 0.3 and v_z +- 0.5

// indoor: getObstaclesCount = 15, offsetMult = 0.5, (0.05, 0.05, 0.2) -> (0.5, 0.95, 0.2)
// bounds in z go only to (0.01, 0.3), and limit v_z to +-0.5
// check if obstacles are inflated (by 0.025 for pure quad)